Epoch	Train loss	Train acc	Val loss	Val acc
0	0.8543419465116947	0.7473866226518903	0.5796661164569776	0.8216770225390274
1	0.5210527981191226	0.8386972769429737	0.44978359776830945	0.8604157973259556
2	0.44584052950844616	0.8601887776610719	0.42026764859130566	0.8698989945181518
3	0.40379138527002156	0.8720999192586082	0.391879548272427	0.8750550185491108
4	0.37562326221654546	0.880366980343401	0.3716327911485015	0.8840980673484203
5	0.35451740187345593	0.8861717862425242	0.362838716410768	0.8873048627823095
6	0.30158611186727696	0.9019913828213757	0.31696167052471524	0.8997376258281363
7	0.28762578294744273	0.906477174480004	0.3147916048254965	0.9013495978644228
8	0.27800070693611917	0.908895129079048	0.30530150977265846	0.9049851092654094
9	0.2692421701514773	0.9115174379970419	0.3132949915304125	0.9016697057865223
10	0.2616160785985448	0.9136867376905103	0.3098891783929674	0.9018812056636237
11	0.25501473592104157	0.9156931255492915	0.30144870432913357	0.9064198787019624
12	0.22731698288008384	0.9244546383428722	0.28712310782058287	0.9108442274824083
13	0.21994304342796656	0.9265124720441863	0.28811868552048414	0.911255794810822
14	0.21454377327008056	0.9280086886311834	0.2870944457788892	0.911581618945816
15	0.20913282354534973	0.9293505676905819	0.29352400557634545	0.9101468495092632
16	0.20489104664869234	0.9311568883839575	0.29253069382346614	0.9106555924568854
17	0.19992049175415946	0.9320614777818268	0.29524317167132436	0.9099925117611081
18	0.18440585497144907	0.937261795031189	0.2903756632178695	0.9120674970418599
19	0.17929712697360708	0.9390566833151129	0.2909168394495097	0.9129878073178957
20	0.17603427331922877	0.9402742349217237	0.29071719501916654	0.9134108070720985
21	0.17279470112836823	0.9411302365794231	0.29664100358106854	0.9120046187000188
22	0.17015763206587062	0.9418419040677942	0.29966201704411155	0.9119188755065993
23	0.16701418874004872	0.9428951147885362	0.29777021202011117	0.9130278208081581
24	0.1584047021436283	0.9456446092616807	0.29797060406990794	0.9135880096718322
25	0.15584385783647392	0.9464763170492951	0.29785954107242335	0.9131878747692079
26	0.15329941639036299	0.9470164983958901	0.2982969352952309	0.9129592262534226
27	0.15132227422457636	0.9480296956835509	0.3032608679486409	0.9121303753837008
28	0.14980413626815064	0.9484012489907326	0.30251471034865146	0.9123418752608022
29	0.1479850273848016	0.9490071666916751	0.30259910729109607	0.9127991722923728
